x = [.266074 .337593 -.243568 -.128682 .121779 -.0766741 .0701718 .218306 -.286513 -.265398 .46046 .222936 -.533233 -.115806 .481882 .00248998 -.310508 .0705611 .0635906 -.0695276 .198346 -.00845755 -.401316 .13414 .496518 -.257045 -.468742 .325397 .336375 -.299923 -.144594 .169732 -.0408268 .0369232 .168911 -.269587 -.208476 .459436 .161744 -.550402 -.0608577 .513656 -.0413746 -.354226 .0965019 .113658 -.0743118 .14311 -.0232497 -.348777 .168198 .453557 -.306005 -.437259 .38159 .318609 -.355498 -.147976 .221715 -.0204384 -.00488498 .128777 -.241765 -.155044 .447991 .100371 -.555332 -.0021176 .534039 -.0947771 -.387271 .13306 .156623 -.0922611 .0933657 -.0263998 -.295451 .190136 .402112 -.344132 -.395583 .432107 .291515 -.409857 -.138467 .274735 -.00906878 -.0525966 .0983461 -.203564 -.107654 .42396 .043646 -.545351 .0607523 .540547 -.150618 -.412005 .180585 .194113 -.124013 .0439439 -.0141914 -.240457 .198145 .347632 -.369448 -.34358 .47186 .252499 -.462241 -.114695 .330207 -.0114464 -.104054 .0826728 -.157683 -.0731719 .388095 -.00870352 -.523937 .118964 .533287 -.21148 -.42108 .233645 .221642 -.165316 .00428766 .00942124 -.188954 .194265 .289494 -.385635 -.286157 .501598 .203167 -.502634 -.0814265 .378774 -.0282233 -.156248 .0770194 -.105534 -.0448309 .343642 -.051476 -.490537 .175004 .515016 -.270343 -.419117 .29113 .23729 -.212579 -.0283291 .0437208 -.14187 .17657 .232577 -.384811 -.227958 .52065 .146566 -.53412 -.0365177 .422784 -.057137 -.20721 .0853064 -.0542009 -.0325828 .292049 -.0836463 -.447344 .221703 .48204 -.326826 -.401443 .350699 .239391 -.266483 -.050938 .0858654 -.104317 .146714 .180925 -.371358 -.167146 .522407 .087435 -.555373 .0185134 .455357 -.0969689 -.250778 .106476 -.00302417 -.0324976 .240271 -.10392 -.397954 .259431 .4407 -.376726 -.372755 .404389 .226497 -.322542 -.0585512 .137356 -.0748979 .109366 .135925 -.348011 -.113078 .513762 .0255026 -.561184 .0783221 .478962 -.14572 -.289058 .13887 .0450521 -.0462794 .184115 -.110696 -.342236 .285297 .390003 -.416306 -.331859 .456636 .202884 -.376475 -.0532139 .188601 -.0608205 .0630784 .102014 -.310663 -.0629738 .493456 -.0333527 -.555216 .1395 .488123 -.199132 -.314084 .181745 .0831364 -.0713673 .135513 -.104766 -.285463 .297436 .334748 -.446575 -.283073 .498917 .165595 -.42757 -.0350315 .242608 -.0585295 .0125754 .078631 -.266223 -.019774 .45866 -.088565 -.536005 .198287 .484487 -.258947 -.327499 .231379 .113842 -.108517 .089337 -.0842966 -.228994 .297764 .274425 -.463472 -.228733 .530108 .119355 -.470593 -.00357896 .291813 -.0696996 -.041157 .0661494 -.217245 .0115206 .415022 -.134473 -.504933 .255876 .469448 -.319025 -.329409 .286823 .133304 -.15251 .0559374 -.0539744 -.180425 .283776 .216849 -.468698 -.167466 .552724 .0667548 -.505714 .039356 .337106 -.0915366 -.0923468 .0702719 -.16388 .0285545 .365044 -.170791 -.462293 .302775 .439258 -.374639 -.316401 .344627 .139256 -.204635 .0274321 -.014405 -.139334 .258268 .162593 -.459197 -.107506 .558772 .00650575 -.528562 .0871035 .371611 -.128816 -.140222 .0860364 -.110045 .0347293 .312737 -.194868 -.414226 .345216 .400376 -.426264 -.290373 .398966 .1344 -.257142 .0160276 .030749 -.105786 .221282 .11484 -.435867 -.0469675 .551607 -.0554716 -.536323 .14401 .398122 -.17237 -.176292 .11421 -.0623775 .0255769 .255203 -.207361 -.359008 .37504 .3518 -.468007 -.252937 .450008 .112444 -.313408 .0166834 .0850877 -.0841654 .177238 .0746605 -.403296 .00650695 .53242 -.116037 -.532566 .203616 .412093 -.223962 -.207639 .153398 -.0184437 .00488604 .204196 -.205469 -.299679 .391355 .295266 -.501261 -.207538 .494358 .079204 -.363475 .0293316 .135593 -.0761918 .12953 .0456221 -.359702 .0496792 .50146 -.173331 -.516388 .263567 .410679 -.282157 -.225267 .19881 .0147385 -.0263855 .155098 -.189861 -.24243 .395472 .234692 -.520608 -.151024 .527556 .0372368 -.408137 .0543116 .187976 -.0833504 .0765333 .031052 -.310751 .0843042 .458733 -.221636 -.488038 .320701 .397617 -.338592 -.231041 .251159 .0385637 -.0689939 .115195 -.163627 -.189873 .382612 .174079 -.528424 -.0910402 .552661 -.0148857 -.445047 .0904923 .23494 -.0997617 .0241035 .026862 -.25876 .109698 .409811 -.260964 -.446715 .374153 .371754 -.394594 -.221425 .306469 .0488842 -.117381 .0830443 -.126534 -.143083 .359872 .116576 -.521289 -.0315231 .560209 -.0708301 -.469106 .139258 .270778 -.131112 -.0244988 .0364455 -.204045 .118602 .356332 -.291199 -.39784 .414154 .335175 -.446849 -.200716 .360831 .0483569 -.17015 .0668277 -.0838187 -.104228 .328619 .0654746 -.501319 .029247 .556036 -.132514 -.481076 .192773 .300512 -.170656 -.0662753 .0608997 -.152219 .115755 .299536 -.306159 -.343496 .448488 .285755 -.493441 -.165593 .413706 .0332528 -.223008 .0598715 -.0323282 -.079646 .285805 .0202089 -.470929 .0839205 .540236 -.191824 -.481626 .251703 .316634 -.220052 -.0991945 .093633 -.106376 .0996177 .244133 -.308509 -.283425 .46801 .231545 -.527699 -.120674 .456847 .0034592 -.272206 .0695066 .0195652 -.0656905 .237305 -.0103458 -.430285 .134126 .512136 -.251169 -.46647 .309672 .320179 -.274494 -.121774 .136447 -.0657016 .0713819 .193287 -.297742 -.226629 .475694 .173403 -.549201 -.0689761 .49388 -.033325 -.319782 .0878941 .0718944 -.0665205 .183127 -.0333859 -.382242 .172846 .470214 -.302058 -.440126 .366936 .309274 -.329853 -.129373 .186572 -.0381972 .0338379 .146432 -.274574 -.169465 .469709 .112703 -.559054 -.0102285 .518997 -.08234 -.356774 .119844 .118829 -.0787855 .131811 -.0418129 -.327283 .201525 .4233 -.344861 -.403054 .419517 .288297 -.386781 -.125523 .241451 -.0236743 -.0111505 .112918 -.241667 -.119653 .448847 .0534084 -.554209 .0510966 .530438 -.13784 -.386602 .163301 .160398 -.103394 .0806277 -.0352942 -.273136 .214606 .369891 -.375592 -.355532 .463134 .253882 -.437808 -.109945 .295416 -.0196877 -.063421 .0898424 -.199077 -.0769506 .418123 -.00197076 -.540108 .111573 .532008 -.198898 -.401238 .215915 .191273 -.139813 .0347982 -.0177304 -.217389 .215547 .311349 -.397104 -.300247 .497297 .207014 -.484747 -.0807925 .344587 -.0292484 -.114894 .0793441 -.147865 -.046403 .377132 -.0503914 -.511114 .16873 .516217 -.257987 -.40479 .270311 .21234 -.184745 -.00123565 .0125685 -.170216 .203293 .252092 -.402122 -.240947 .521919 .153845 -.52169 -.0396602 .392158 -.0538797 -.168014 .0790712 -.0984478 -.0262649 .327156 -.0873303 -.469357 .219926 .492643 -.315895 -.393893 .32865 .219699 -.235722 -.0279794 .0508885 -.127016 .181276 .199353 -.395383 -.180874 .532145 .0969283 -.546401 .0110911 .430663 -.0871221 -.213909 .0943607 -.0458485 -.0203595 .275883 -.113396 -.422991 .2618 .453567 -.368474 -.372469 .386599 .21476 -.289745 -.0405659 .0970904 -.0931714 .146146 .151173 -.376474 -.12297 .528605 .0358001 -.55827 .0656785 .457196 -.130433 -.252652 .121615 .00553659 -.0288116 .223235 -.127089 -.369786 .292703 .404784 -.412611 -.335552 .437534 .196009 -.345393 -.0429323 .150244 -.0714493 .10305 .111898 -.343835 -.0699759 .511378 -.0254503 -.558286 .126127 .47259 -.185195 -.286067 .161265 .0493012 -.0483423 .170029 -.127787 -.3139 .311194 .352389 -.449139 -.291113 .484481 .16655 -.397087 -.0292732 .203465 -.0638261 .0538454 .0824153 -.304206 -.0250501 .483692 -.0830855 -.543965 .189183 .475379 -.242406 -.305437 .208321 .0825621 -.0797765 .122463 -.114199 -.256714 .317934 .293303 -.470859 -.23801 .521908 .121407 -.445715 -.00356846 .25383 -.0688461 .0024137 .0652586 -.255862 .0122953 .44423 -.134356 -.518898 .245941 .464326 -.299995 -.311957 .260091 .108965 -.120338 .0818136 -.0870712 -.204016 .310268 .235664 -.480432 -.178311 .547042 .0730822 -.482208 .0337117 .302528 -.0870337 -.0515731 .0613966 -.205022 .0350033 .397239 -.174509 -.480189 .30053 .44076 -.358816 -.303755 .317083 .120495 -.16978 .0487993 -.0526976 -.15803 .2905 .176876 -.477696 -.117245 .559145 .015584 -.510979 .0789413 .340989 -.11602 -.100074 .0718304 -.152092 .0476093 .343543 -.203803 -.43324 .345662 .404794 -.411516 -.286164 .374216 .121202 -.222461 .031707 -.00900495 -.119535 .256886 .124461 -.461331 -.057565 .558854 -.0459919 -.526495 